970
67 93
323 958
512 232
522 500
257 252
120 466
3 8
213 310
25 6
413 492
198 305
806 123
833 699
803 314
31 436
301 322
775 219
256 693
754 365
360 475
248 511
98 220
4 476
32 26
377 274
274 677
145 63
14 20
852 716
529 293
5 717
2 355
230 101
520 586
7 17
123 338
424 79
566 497
482 29
613 837
748 264
30 337
102 112
543 313
879 90
116 147
63 459
154 162
178 603
39 877
663 588
105 62
58 125
508 857
353 284
126 514
296 428
502 410
607 466
895 500
164 889
357 458
112 136
518 588
582 850
102 113
43 103
433 228
160 515
98 214
463 652
467 60
500 279
439 286
476 639
63 521
460 266
821 80
860 205
80 513
29 51
176 474
243 298
677 709
24 9
72 68
223 744
635 498
162 672
864 656
480 790
405 801
278 75
39 50
883 808
47 120
63 150
662 740
461 697
678 253
646 108
633 596
356 297
27 277
4 6
900 71
59 20
191 30
199 6
545 820
602 293
245 540
605 741
539 430
669 460
350 354
558 165
58 62
78 702
365 39
415 399
674 655
891 409
7 3
135 11
556 484
125 711
374 98
965 220
141 143
770 737
283 157
838 865
129 528
583 39
8 87
362 18
694 39
574 51
335 957
164 849
262 110
547 319
538 410
933 780
191 875
902 540
292 167
700 126
48 121
40 132
61 316
500 647
5 160
7 12
1 16
266 52
160 636
175 287
100 128
161 34
348 255
14 255
716 297
731 614
137 442
671 469
914 302
51 473
905 361
583 862
592 375
599 776
177 133
571 470
124 39
377 461
95 726
149 64
257 890
372 190
16 80
828 206
229 114
627 154
6 18
203 49
9 101
8 139
6 74
238 681
477 341
157 14
488 340
654 400
46 66
221 620
187 781
941 99
49 882
859 868
334 266
360 291
396 272
111 486
910 517
729 620
2 60
57 58
52 42
499 563
368 143
108 23
82 207
217 80
874 317
31 19
458 644
723 560
84 855
460 634
19 122
16 138
47 178
275 26
274 98
93 175
720 522
28 264
674 789
294 139
829 156
370 480
198 10
181 246
623 300
643 292
286 281
93 549
101 437
38 340
95 249
264 479
69 78
537 121
168 446
332 174
72 421
685 163
211 184
40 97
752 51
301 27
169 126
577 126
30 206
254 130
773 155
231 358
364 768
409 194
524 459
115 673
150 594
743 91
799 12
282 170
175 252
51 713
110 75
92 293
225 410
524 901
659 387
778 669
119 21
148 50
25 224
162 465
565 25
668 579
40 13
455 170
936 458
561 259
7 21
108 225
504 106
70 662
908 489
388 326
719 207
942 659
408 196
899 399
962 820
55 215
159 208
581 138
397 650
392 712
97 542
326 747
526 728
352 373
491 125
54 185
52 312
117 363
733 187
57 18
706 571
610 637
143 359
269 118
233 751
484 219
51 142
501 848
686 14
243 390
265 531
106 77
109 47
389 503
160 605
445 970
25 429
163 273
6 489
718 368
783 188
638 494
114 913
530 64
413 409
284 878
237 70
206 259
467 665
375 427
635 704
170 140
142 715
590 484
449 153
121 196
147 615
5 763
682 62
18 158
39 22
949 171
10 15
805 375
435 869
54 23
640 216
88 92
471 386
65 30
173 815
33 32
861 697
945 436
732 277
10 14
333 289
61 721
144 75
457 478
30 131
94 127
325 229
2 4
629 547
360 769
138 314
904 886
565 679
606 651
141 168
433 562
295 819
380 116
195 177
97 617
761 27
37 841
514 642
356 406
94 187
295 179
845 863
212 123
392 329
391 191
177 963
118 9
311 105
173 886
7 550
73 263
57 76
103 919
389 141
68 153
393 525
810 739
100 134
50 67
359 385
375 414
255 742
549 903
816 127
416 199
622 131
164 94
678 798
264 357
567 436
83 90
163 16
46 209
580 831
248 35
31 339
218 398
336 955
256 880
285 89
776 818
64 430
132 506
386 51
582 93
116 445
414 797
1 77
793 802
943 23
36 10
334 402
85 165
959 45
630 87
508 509
335 210
711 909
463 191
906 125
845 190
612 99
459 494
807 579
33 41
487 19
119 757
52 912
229 315
347 34
247 321
534 150
557 587
153 887
57 418
431 91
792 134
438 52
645 946
53 223
70 956
416 814
307 164
559 834
251 756
508 192
353 750
56 683
672 793
73 70
271 343
579 576
193 167
782 571
591 929
32 47
89 649
180 832
394 351
308 551
194 162
226 585
171 29
386 765
170 281
619 7
851 275
176 383
314 664
192 158
198 825
49 2
90 655
219 260
661 201
817 232
154 85
382 357
501 131
157 684
916 808
100 11
766 324
506 811
534 545
133 88
699 561
166 753
300 451
589 76
171 222
440 431
173 46
185 270
135 261
536 203
64 244
406 762
140 947
953 410
4 341
179 54
155 420
784 237
79 779
596 549
490 257
227 42
221 163
897 151
388 546
618 507
667 425
816 830
40 836
165 345
159 104
12 242
304 38
420 710
755 412
244 483
174 105
328 56
4 917
10 43
162 300
29 200
657 384
319 930
89 102
600 216
47 94
737 104
141 404
102 302
450 166
448 758
3 2
144 235
98 419
8 68
608 319
950 272
764 623
124 146
727 598
23 7
126 213
8 29
698 384
69 34
223 923
70 606
346 206
364 347
11 660
2 44
5 81
835 451
40 91
6 9
759 513
202 931
826 664
210 108
155 181
137 118
133 462
42 38
934 445
250 27
767 264
576 259
96 25
289 291
334 893
69 324
46 155
190 14
554 124
238 39
76 79
260 676
633 920
811 871
604 252
688 410
557 67
93 184
725 326
70 299
141 894
535 499
416 796
258 95
804 372
580 907
528 772
666 876
87 89
233 49
639 964
527 283
75 47
130 108
595 235
559 13
795 68
39 172
309 32
3 614
707 405
124 599
256 73
216 265
46 33
28 6
32 88
412 276
350 393
176 867
289 37
870 713
175 370
94 232
19 2
10 407
57 495
247 46
202 161
376 307
276 64
548 45
384 187
924 321
210 239
774 12
336 229
426 379
520 610
74 510
224 395
353 400
234 2
28 854
264 788
111 61
236 317
452 409
580 82
321 399
119 423
279 62
703 446
926 103
211 613
352 335
351 57
566 952
47 319
182 609
361 223
954 458
464 362
541 336
565 628
2 116
299 944
234 378
291 858
145 969
921 614
205 21
226 1
82 28
714 95
687 787
729 794
308 55
692 422
344 89
928 447
22 55
40 218
453 210
106 268
658 629
633 843
686 966
109 397
444 291
696 430
708 490
233 296
350 896
264 961
925 254
369 27
220 411
739 84
417 310
327 915
190 456
520 873
454 689
330 196
816 885
49 115
115 141
568 332
670 427
448 730
56 31
519 95
17 367
185 690
142 216
386 570
1 323
342 229
470 203
675 128
190 939
231 126
132 844
230 422
243 185
685 724
85 564
66 842
313 83
307 911
405 120
11 7
71 236
888 812
37 454
628 822
116 496
331 213
759 838
374 937
45 27
856 791
70 44
680 659
13 37
34 114
318 350
5 1
691 626
398 517
353 434
167 9
575 738
104 56
31 267
258 591
272 533
441 22
253 26
853 791
575 14
53 27
306 279
16 38
2 472
1 327
918 295
25 197
30 24
809 331
448 88
736 726
82 86
318 105
505 271
872 679
304 375
493 840
555 211
4 10
342 425
77 967
95 687
508 616
21 61
272 216
749 394
225 271
892 15
866 399
188 169
734 271
332 598
511 611
493 632
329 210
22 6
49 117
746 269
948 898
182 1
371 101
189 99
745 122
403 144
435 360
827 98
228 166
20 27
28 63
523 265
42 722
21 204
3 951
497 311
284 276
922 830
705 382
24 151
131 241
735 243
53 71
581 932
481 430
469 408
938 854
847 677
653 320
152 45
601 547
560 102
222 823
605 935
280 75
303 15
170 701
350 572
485 254
16 26
626 154
968 909
183 104
754 760
160 176
9 387
240 193
499 176
332 597
193 812
839 81
18 84
64 28
808 237
447 137
457 18
103 366
791 241
606 641
786 15
100 349
544 492
34 5
401 59
927 488
380 656
1 2
219 94
123 58
46 507
165 520
631 26
270 381
229 288
6 186
146 552
267 771
140 50
235 320
12 85
813 248
95 14
695 121
48 37
780 405
88 578
83 44
635 666
405 518
132 648
261 532
329 553
296 379
12 443
600 881
5 107
6 98
582 777
625 71
