909
671 203
872 751
127 85
107 184
381 288
664 141
636 837
285 125
40 67
236 419
226 773
418 472
797 370
653 260
149 569
37 9
570 726
404 53
496 340
312 16
160 732
70 107
215 336
131 54
48 642
739 113
382 606
142 91
56 27
896 394
162 476
111 65
479 472
53 98
354 124
44 13
544 402
591 589
282 224
600 353
118 57
621 452
323 613
58 44
139 55
649 558
792 724
439 124
416 220
833 152
496 778
109 81
634 182
637 508
411 81
601 403
216 517
639 38
114 88
271 31
546 445
313 248
556 756
676 506
464 376
206 14
40 246
796 92
749 79
48 50
404 867
406 438
137 499
740 427
767 780
532 124
294 570
396 361
623 73
341 200
296 241
192 166
512 519
267 83
198 71
476 620
52 874
544 669
68 398
394 155
8 5
246 485
13 10
163 210
100 78
520 102
560 436
146 72
223 624
318 447
800 656
793 822
180 278
29 12
572 733
363 523
343 295
91 188
149 465
863 589
389 850
221 2
21 34
618 607
66 25
603 832
536 50
260 302
619 737
786 224
14 370
168 226
891 901
161 38
115 96
1 76
882 465
431 284
858 530
706 693
357 10
688 699
84 38
126 389
647 455
157 22
890 334
191 43
61 250
251 690
315 378
505 686
525 553
58 260
801 834
197 501
423 100
36 189
689 111
7 85
162 27
816 857
46 572
810 430
323 109
100 123
507 45
192 220
32 473
120 337
351 498
262 138
759 845
725 558
315 195
567 25
104 322
97 204
573 443
449 289
79 16
530 711
900 787
503 144
903 412
279 436
48 64
402 266
156 126
146 193
17 659
843 66
152 339
22 342
552 337
1 7
307 68
67 121
577 465
589 724
814 705
269 161
176 228
527 1
468 667
638 260
529 835
154 49
237 92
602 219
735 561
703 33
828 344
180 71
529 898
306 107
146 319
163 146
422 772
548 122
643 117
470 599
500 631
889 653
533 455
263 7
770 844
63 718
167 868
605 153
531 307
177 714
736 861
852 291
645 594
433 253
76 860
203 299
476 514
470 529
224 72
144 93
309 129
641 300
88 242
13 361
574 365
67 137
682 593
304 100
62 26
288 23
131 448
617 394
142 215
54 13
468 419
880 521
839 429
256 611
128 121
185 164
823 205
635 124
286 445
11 16
141 113
660 551
170 769
16 19
511 347
31 12
550 517
14 596
148 251
294 450
562 532
213 290
775 58
215 294
12 23
117 268
414 9
325 251
2 4
20 4
137 167
376 410
17 11
776 480
579 610
31 134
94 102
158 301
505 193
90 86
256 841
281 407
688 435
84 187
744 384
238 5
612 10
89 159
27 18
14 330
15 470
452 908
24 30
34 96
503 551
368 252
437 137
693 387
138 777
430 674
589 55
222 35
370 855
333 97
296 384
202 284
625 160
116 838
328 242
97 89
373 275
197 87
720 572
303 154
78 46
329 829
557 333
68 622
694 534
160 252
722 409
481 242
121 155
350 29
862 636
247 305
320 312
538 227
365 146
10 804
417 66
83 14
347 320
5 39
17 595
12 687
364 6
15 259
256 251
19 176
57 244
186 149
143 88
497 793
893 575
60 149
349 21
1 345
173 164
317 442
556 96
592 226
236 94
318 307
754 32
528 609
332 895
39 205
804 812
527 729
670 623
286 89
447 478
566 891
271 884
4 5
34 108
3 68
328 708
179 750
175 541
140 32
373 452
35 405
55 227
320 558
273 870
126 55
270 50
408 271
462 298
166 59
111 122
198 425
217 697
344 457
149 435
353 460
309 683
471 701
563 630
571 385
44 61
681 214
93 110
78 853
657 281
298 272
815 831
26 809
96 661
329 821
347 619
763 854
266 247
80 168
240 515
344 341
331 74
22 47
152 109
106 516
47 57
284 576
42 19
14 72
615 255
182 108
89 471
21 512
279 222
604 358
14 88
8 663
434 66
232 317
28 1
222 311
507 526
450 480
297 651
273 126
360 888
466 181
376 359
95 75
456 42
289 164
398 717
249 521
320 510
137 297
33 9
228 528
57 87
225 11
484 110
424 11
57 427
183 84
439 818
761 515
117 283
92 59
741 18
540 513
656 806
99 34
230 608
177 31
105 80
248 149
493 140
240 111
678 684
482 138
757 580
454 150
537 455
700 541
324 226
138 101
771 662
736 664
892 799
433 584
575 435
106 223
790 762
902 825
32 132
210 490
788 290
285 508
412 525
179 122
43 112
626 583
458 137
4 45
23 91
101 36
293 142
60 129
565 92
25 23
3 9
474 146
273 390
569 742
760 364
135 86
595 746
199 23
621 763
73 696
95 764
300 128
214 243
747 211
27 817
371 385
407 876
627 489
135 274
54 745
400 54
568 292
194 421
218 165
69 158
241 224
395 7
71 61
731 210
20 346
353 412
111 752
16 75
94 15
578 442
801 848
385 409
830 555
45 335
147 118
328 509
86 382
836 750
11 49
120 63
441 252
347 495
64 656
327 191
220 673
177 789
153 53
6 2
847 52
375 302
791 2
359 201
530 488
566 93
529 665
24 483
217 766
292 29
666 430
827 292
201 101
549 227
397 278
102 801
83 593
4 11
257 33
69 13
207 367
14 24
215 640
803 384
677 71
294 387
172 10
765 651
150 648
193 555
194 37
42 160
879 152
864 829
70 45
557 603
35 43
758 385
334 219
877 367
50 518
502 466
636 541
151 391
219 197
103 38
145 48
249 162
536 542
122 824
401 208
410 704
513 712
551 607
366 41
743 489
420 193
119 99
47 80
253 261
869 488
500 115
487 188
117 594
494 379
558 629
150 116
82 48
130 102
188 488
13 202
6 559
216 163
848 851
163 585
483 794
406 644
383 105
807 885
217 504
831 886
440 237
388 219
264 48
616 329
164 134
241 710
155 229
355 132
291 338
81 16
431 455
614 685
53 43
337 590
239 134
104 277
716 193
89 393
51 881
167 628
133 6
291 95
658 171
339 413
22 3
52 1
846 377
646 641
443 386
723 337
399 20
411 453
4 15
273 587
131 795
377 108
819 635
185 491
258 10
168 195
125 72
67 564
581 748
193 907
282 887
582 753
287 192
356 333
374 273
770 760
14 849
675 636
280 583
680 302
207 113
179 214
302 358
543 165
813 545
87 151
270 276
171 348
190 40
582 428
11 14
632 371
106 88
329 856
701 826
429 358
89 426
191 310
141 672
230 668
25 579
535 228
47 73
233 340
467 359
74 56
60 44
555 561
242 321
50 124
235 113
546 762
275 122
17 51
380 217
782 137
626 899
897 494
233 101
728 47
148 42
469 45
301 721
351 88
557 808
586 415
17 451
63 54
25 486
904 199
691 816
534 435
662 298
233 360
26 8
392 15
906 558
55 15
253 39
547 166
245 193
265 352
709 783
89 55
48 362
102 497
21 3
707 604
815 49
883 451
150 203
440 734
80 314
208 174
161 247
415 412
65 93
774 124
59 56
129 196
255 139
316 82
679 591
36 31
45 117
4 40
10 588
159 787
136 178
614 254
281 751
39 492
476 489
30 170
581 260
29 332
692 456
429 811
386 177
13 136
715 500
326 875
308 27
265 173
894 221
295 43
104 25
37 38
12 10
820 798
390 909
175 539
477 152
400 418
174 121
90 597
695 393
461 871
768 482
873 415
195 217
79 563
420 705
798 775
2 35
805 426
181 31
113 62
403 20
96 175
10 9
423 554
545 482
39 65
580 325
115 524
670 727
433 633
72 212
326 167
702 201
878 433
239 522
2 1
432 64
369 234
200 127
64 86
463 368
422 259
37 48
243 430
506 281
93 169
779 632
232 117
150 213
270 678
96 475
807 757
3 2
785 146
428 65
353 139
273 781
6 41
171 65
444 357
799 141
102 234
330 842
691 406
865 120
650 124
802 727
537 654
713 440
103 461
383 598
16 46
478 840
371 866
329 299
99 209
128 730
